20140302	19997418032,246199417
20140423	21663860421,278470936
20140303	20027420845,513017360
20140424	21699066792,224536754
20140421	21641922394,295635256
20140301	19845831463,211279011
20140422	21647421805,268810141
20140420	21611720646,161057781
20140308	20946205892,140323202
20140429	21731689633,307578349
20140309	21049156859,206312503
20140306	20538515447,243149884
20140427	21779554522,191915377
20140307	20857153333,291087220
20140428	21734477096,327724735
20140304	20019709347,250562978
20140425	21792888929,227764292
20140305	20293292709,209072753
20140426	21786052069,158122962
20130730	879801198,13048582
20130731	914233859,9534040
20140412	21132795057,123295320
20140413	21187141790,178934722
20140410	21072390013,286914864
20140531	22390660208,142862063
20140411	21172042609,277077434
20140530	22476914686,312802179
20140418	21476018746,225952909
20140419	21489366220,146374940
20140416	21253634493,255914640
20140417	21385567691,265341592
20140414	21216380053,415986984
20140415	21110246338,285293076
20140203	14457057903,46109194
20140324	21068560367,437825259
20140204	14495278557,44927333
20140325	20943915442,312710515
20140201	14420780750,61527060
20140322	21033886586,138039412
20140202	14423540862,24395720
20140323	21087547309,186443311
20140320	20982254939,336076380
20140321	21011190054,259655286
20140209	15244025335,262954049
20140207	14763866096,273482213
20140328	20675390684,405443946
20140208	15069202104,183432237
20140329	20495913093,155006056
20140205	14534004870,95407704
20140326	20945549933,450254233
20140206	14647641156,111635336
20140327	20768231244,359071642
20140313	21171871886,316973542
20140314	21201185254,311575572
20140311	21276894327,496039886
20140312	21211355257,416491268
20140430	21754718388,281835975
20140310	21087596875,308040624
20140319	21052539792,429298917
20140317	21128917911,440624592
20140318	21027301401,410240726
20140315	21205507113,242799048
20140316	21250115067,390584547
20130701	225364535,5525022
20130822	1428096658,25000672
20130702	252327861,2554548
20130823	1492226723,25680323
20130703	278810703,5953867
20130824	1504424975,14316598
20130704	300127606,6410729
20130825	1534475645,18117808
20130705	312038062,2763587
20130826	1559664125,20637986
20130706	320923224,1616635
20130827	1613522680,60137633
20130707	356057861,3982735
20130828	1598653075,33696861
20130708	361037358,8347729
20130829	1611558533,35944968
20130820	1396351270,30131225
20130821	1419895554,29983342
20140621	22234883010,231003775
20140501	21732973743,143362755
20140622	22181878421,361285652
20140620	22269883545,286583065
20130709	409947895,3473059
20140508	21878604180,273187499
20140629	20974718367,261170799
20140509	21998255437,247743971
20140506	21723755629,341108696
20140627	21239454091,399444352
20140507	21700649661,239372999
20140628	21104292442,283400236
20140504	21772296733,413222034
20140625	21643200891,547295931
20140505	21662162261,309330781
20140626	21360568161,418742109
20140502	21782656094,121222064
20140623	21967773588,373779624
20140503	21786770288,199568043
20140624	21826221634,428471509
20130811	1118799735,15372680
20130812	1158946598,28586669
20130813	1224880431,28790328
20130814	1244810922,15031683
20130815	1260320406,52659327
20130816	1250082301,33739844
20130817	1258025993,4674983
20130818	1271021529,15218300
20130930	2220728986,30181353
20130810	1124798836,26614408
20140610	22575626550,298190025
20140731	20032881601,277194379
20140611	22631468122,246127540
20140730	20073082045,250117716
20130819	1315506321,28339260
20140618	22302888239,421920230
20140619	22216230718,284956260
20140616	22640138774,492349489
20140617	22535097769,502560223
20140614	22639024065,229916191
20140615	22590682404,116623756
20140612	22713002035,236467885
20140613	22808899335,386799040
20130723	743534705,24404051
20130724	777266801,36258592
20130725	789430727,38212836
20130726	808651309,39192369
20130727	814180757,15058893
20130728	816316315,7683211
20130729	844888486,18599364
20130720	687931077,4601143
20130721	703769013,2681331
20130722	722230076,19144267
20140401	20417009416,277429358
20140522	22507006862,251108485
20140402	20592900643,272612066
20140523	22600534926,229000787
20140520	22265516283,260040720
20140521	22459430866,250223726
20140409	20978372726,289330278
20140407	20853648046,176966561
20140528	22609949494,415891684
20140408	20873617708,250015131
20140529	22470192623,313827800
20140405	20824610615,163199682
20140526	22562682488,274707572
20140406	20863747475,139576683
20140527	22632865784,321965845
20140403	20675635695,266605457
20140524	22621080334,154409868
20140404	20772907358,200192637
20140525	22626743720,231004758
20130712	501939511,8492573
20130713	527630842,3482829
20130714	539312730,2784107
20130715	559143926,13107943
20130716	594164538,11864981
20130717	632922404,10911513
20130718	651026573,11765356
20130719	663495722,9244769
20130830	1623132231,20630752
20130710	433273777,2597169
20130831	1658990323,22012016
20130711	461373114,3508800
20140511	22171982318,152945581
20140512	22201460800,293952908
20140630	20872349108,456547794
20140510	22031990475,147248328
20140519	22300229759,293791406
20140517	22264120640,145854372
20140518	22289250136,153440019
20140515	22239188687,238307643
20140516	22314248133,282094916
20140513	22232616489,257918375
20140514	22249939607,316225442
20130901	1684633610,59339949
20130902	1681533463,17785524
20130903	1804592678,39328144
20130904	1845772414,27452600
20130905	1851686522,21800904
20140708	20627221860,340453063
20140829	20118870170,273756380
20130906	1868602123,33417903
20140709	20511008900,269642881
20140820	20233180538,202452782
20130907	1874107406,20344424
20140706	20668613315,195530758
20140827	20337650626,468164147
20130908	1887839165,14919122
20140707	20672651582,317612569
20140828	20171681280,297893861
20130909	1911716952,45621186
20140704	20824609369,264494550
20140825	20319023288,312413411
20140705	20771764657,272535138
20140826	20316184100,285478563
20140702	20760119638,328950951
20140823	20437873459,199377531
20140703	20815724506,289009780
20140824	20379907955,191080151
20140821	20339106448,219963356
20140701	20749855426,374164541
20140822	20370906609,179349206
20140818	20182378312,259169016
20140819	20221708442,254929877
20140816	20176118728,219214339
20140817	20171964125,139564084
20140814	20122319886,211939431
20140815	20168083115,236516007
20140812	20216049969,309754858
20140813	20164788784,303975517
20140810	20233477189,189909225
20140811	20303102834,418603336
20130921	2198181951,26596179
20130801	959269456,18864468
20130922	2203992112,47962055
20130802	993774950,40150769
20130923	2223544226,58285879
20130803	991688717,20701797
20130924	2219916507,56680792
20130804	992582709,8263965
20130925	2237486574,74838162
20130805	1030063998,15797507
20130926	2209922580,48467529
20130806	1057898694,16401387
20130927	2230173744,27639603
20140609	22497032328,287520152
20130807	1092363491,29708706
20130928	2244700262,58105720
20130920	2185004443,15188254
20140720	20667061488,174462836
20140721	20669047956,434191479
20130808	1106562866,29551691
20130929	2226590340,40295202
20140607	22322787973,146203577
20140728	20122693255,345986909
20130809	1121504665,30131015
20140608	22364386391,169525332
20140729	20148469102,303480103
20140605	22271839018,355645445
20140726	20292282944,282653341
20140606	22296236140,274862067
20140727	20137897656,166610652
20140603	22416092232,385622582
20140724	20444094598,347622431
20140604	22301357112,303978838
20140725	20373516647,262874791
20140601	22394621814,149829253
20140722	20612945071,369043423
20140602	22428282336,170409506
20140723	20486985781,308353077
20130910	1915408239,37128363
20130911	1972964019,71674082
20130912	2000234396,45147220
20130913	2023660860,60512675
20130914	2034804131,36312660
20130915	2029466914,25020715
20130916	2041505882,45184589
20140719	20612207748,155464283
20130917	2157977503,58260798
20140830	20112668503,196374134
20140710	20519371574,326009240
20140831	20116003141,292943033
20130918	2175921520,47203221
20140717	20657187545,298279385
20130919	2171644907,11418512
20140718	20611919440,208671287
20140715	20423985523,261722182
20140716	20497073353,234775948
20140713	20473641383,199459990
20140714	20453941278,284753279
20140711	20476458255,240050748
20140712	20445078528,149081488
20140809	20236826133,163611708
20140807	20320584213,253659514
20140808	20314571173,311648757
20140805	20141035460,221706539
20140806	20314109791,282346594
20140803	20086601920,127125217
20140804	20133302100,322907524
20140801	19947416138,252540858
20140802	20069760015,172250225
20131024	3018083493,58183921
20131023	2985778843,73788462
20131026	3047141053,49357211
20131025	3029430402,52225802
20131028	3075023321,55089464
20131027	3053536348,46520570
20131029	3149927232,43052468
20131031	3254679467,55607833
20131030	3208924908,63908701
20131119	4580270823,70308235
20131112	4068761211,131263524
20131111	4147899723,227124951
20131114	4181400870,52554150
20131113	4085967334,79121440
20131116	4362903228,28996272
20131115	4296842778,58210254
20131118	4521421128,136916782
20131117	4451992661,42358155
20131121	4720539791,74733962
20131120	4641328007,86951218
20131109	3987798639,45885771
20131108	3848905475,92856307
20131229	7606220411,55129989
20131101	3289998335,66933119
20131222	6923831180,83998249
20131221	6894981995,83151594
20131103	3409396955,30895754
20131224	7054645270,118607911
20131102	3373970161,26705506
20131223	6994376148,138478245
20131105	3616266423,82689864
20131226	7448764361,241852564
20131104	3447209071,130970051
20131225	7241443693,172755480
20131107	3764248463,83306452
20131228	7474795625,61383220
20131106	3714481373,131707820
20131227	7427199206,163522548
20131110	4068379896,85293644
20131231	7819095923,134232530
20131230	7712563769,179826624
20131013	2477349968,31850475
20131012	2426771815,31322983
20131015	2606312149,35099198
20131014	2516649474,40652625
20131017	2706603364,23274764
20131016	2656917255,51261982
20131019	2852744912,26684697
20131018	2770531817,15938355
20131020	2879208658,50884342
20131022	2936339884,96172537
20131021	2876090997,45781403
20131009	2313490526,33999376
20131002	2225269915,7233874
20131123	4912783533,48882131
20131001	2218945683,12813267
20131122	4866972767,82717921
20131004	2233476680,23412350
20131125	4969849464,70113127
20131003	2229598749,6223263
20131124	4953010420,85555947
20131006	2242370252,13464528
20131127	5239114658,86129498
20131005	2229972019,13966453
20131126	5046879939,65802983
20131008	2281539710,77856096
20131129	5366066122,123982166
20131007	2267636377,28894400
20131128	5287759288,61453591
20131130	5364620300,119660311
20131011	2371763531,27666473
20131010	2351913449,52244531
20140131	14381588964,48132389
20131219	6845185545,164023344
20131218	6867190613,202220872
20131211	6269712275,110314592
20131210	6237388004,147147341
20131213	6447584392,90778214
20131212	6399314660,92090275
20131215	6598289813,54757146
20131214	6521478868,52234651
20131217	6789747659,116537843
20131216	6749415054,156157326
20131220	6914793558,153678963
20131208	6147517880,76314292
20131207	6080551322,71916047
20131209	6196090491,133355299
20131202	5405083240,128465086
20131201	5361825481,94632233
20131204	5788936223,69981329
20131203	5621931412,101662045
20131206	6010979734,82625571
20131205	5938411266,118256819
20140104	8663435976,99869074
20140225	18898684661,299155352
20140105	8749652812,156781996
20140226	19163035198,284819682
20140102	8204274137,190155450
20140223	18573998113,195214052
20140103	8449075426,127714255
20140224	18715837772,473470156
20140221	18251643286,178914448
20140101	7950715327,77367755
20140222	18426710525,134735118
20140220	18003573505,230855410
20140108	9502231639,213880074
20140109	9552376725,140391237
20140106	8798901523,190917629
20140227	19559016661,492786036
20140107	9050477936,137972793
20140228	19739139913,322030204
20140214	16786803951,263261899
20140215	17014252486,121463693
20140212	16114439292,354585919
20140213	16522863143,362757986
20140210	15322982520,431753411
20140331	20441977145,423852634
20140211	15538694249,243058162
20140330	20501158022,264714811
20140218	17596758169,271125324
20140219	17919195990,323990451
20140216	17148181972,183057224
20140217	17296449376,405809267
20140130	14258960858,105288105
20140126	12353351816,331752519
20140127	12550001817,280645861
20140124	11829747156,345829001
20140125	12098022049,185524856
20140122	11351446969,292856188
20140123	11557321387,209024328
20140120	11348652551,442996084
20140121	11241417494,302825136
20140128	12926555440,248334316
20140129	13521645866,215164666
20140115	10537257263,177618247
20140116	10751047734,153167426
20140113	10071845246,178923772
20140114	10340128524,159778389
20140111	9813222458,71530182
20140112	9985095714,141505812
20140110	9692683975,117259153
20140119	11281199880,117629351
20140117	10972827391,127385210
20140118	11190869034,142869842
